0 4382
1 4370
2 4374
3 4370
4 286
5 274
6 278
7 274
8 30
9 18
10 22
11 18
12 30
13 18
14 22
15 18
-1
0 8749
5 37
6 37
8 45
12 549
13 8741
15 557
-1
0 17483
6 74
7 74
8 1098
9 17482
13 75
15 1099
-1
0 34951
1 134
2 2180
3 132
4 135
5 34950
6 132
7 2180
8 2183
9 134
10 34948
11 132
12 135
13 2182
14 132
15 34948
-1
0 4577
2 353
4 4385
5 481
6 4385
9 289
12 289
13 4449
-1
0 8914
4 594
7 8786
13 722
-1
0 17588
2 1204
7 17572
9 1188
-1
0 34936
9 2120
10 34888
11 2120
12 34888
13 2152
14 34920
15 2168
-1
0 7697
1 5648
3 4624
5 7696
8 4625
11 5649
13 4625
14 4624
-1
0 11554
2 11552
4 9506
6 9504
-1
0 19268
4 19008
9 19012
11 19264
-1
0 34696
4 33920
5 34688
6 33928
7 34440
11 33920
13 34432
14 33928
-1
0 57617
1 57600
2 24848
3 24832
4 8465
5 8448
6 8464
7 8448
8 24849
9 24832
10 57616
11 57600
12 8465
13 8448
14 8464
15 8448
-1
0 53794
2 53792
4 20992
6 20992
8 53760
10 53760
12 21026
14 21024
-1
0 46148
2 46080
3 46144
4 41984
6 42052
8 41984
9 42048
14 46080
-1
0 30856
1 18432
2 18560
3 30720
4 18568
5 18432
6 26752
7 18432
8 18568
9 26624
10 30848
11 18432
12 26760
13 30720
14 18560
15 26624
-1
